3：[
    [
        -0.007400000002235174,
        -0.9998999834060669,
        0.014800000004470348,
        0.004800000227987766,
        -0.014999999664723873,
        -0.014700000174343586,
        -0.9998000264167786,
        -0.44600000977516174,
        0.9998999834060669,
        -0.007600000128149986,
        -0.01489999983459711,
        -0.9929999709129333,
        0,
        0,
        0,
        1
    ],
    [
        -0.6725000143051147,
        -0.7400000095367432,
        -0.008299999870359898,
        -0.11349999904632568,
        -0.01730000041425228,
        0.027000000700354576,
        -0.9994999766349792,
        -0.8044000267982483,
        0.7398999929428101,
        -0.671999990940094,
        -0.03099999949336052,
        -1.4745999574661255,
        0,
        0,
        0,
        1
    ],
    [
        0.7188000082969666,
        -0.6952000260353088,
        0.007000000216066837,
        -0.0738999992609024,
        -0.006899999920278788,
        -0.01730000041425228,
        -0.9998000264167786,
        -0.7800999879837036,
        0.6952000260353088,
        0.7185999751091003,
        -0.01720000058412552,
        -1.5170999765396118,
        0,
        0,
        0,
        1
    ],
    [
        -0.03880000114440918,
        0.9991000294685364,
        -0.0142000000923872,
        -0.016300000250339508,
        0.04899999871850014,
        -0.012199999764561653,
        -0.9987000226974487,
        -0.43689998984336853,
        -0.9980000257492065,
        -0.039400000125169754,
        -0.048500001430511475,
        -1.4713000059127808,
        0,
        0,
        0,
        1
    ],
    [
        0.7405999898910522,
        0.6712999939918518,
        0.030700000002980232,
        -1.7791999578475952,
        0.016699999570846558,
        0.0272000003606081,
        -0.9994999766349792,
        -1.0480999946594238,
        -0.6718000173568726,
        0.7407000064849854,
        0.008899999782443047,
        0.34709998965263367,
        0,
        0,
        0,
        1
    ],
    [
        -0.8026999831199646,
        0.5960000157356262,
        -0.02280000038444996,
        1.6927000284194946,
        0.025299999862909317,
        -0.00430000014603138,
        -0.9997000098228455,
        -0.9897000193595886,
        -0.5958999991416931,
        -0.8029999732971191,
        -0.011599999852478504,
        0.22040000557899475,
        0,
        0,
        0,
        1
    ]
]
4：[
    [
        954.0700073242188,
        0,
        966.5700073242188,
        0,
        954.0700073242188,
        536.8800048828125,
        0,
        0,
        1
    ],
    [
        1149.199951171875,
        0,
        962.0599975585938,
        0,
        1149.199951171875,
        647.2000122070312,
        0,
        0,
        1
    ],
    [
        1149.199951171875,
        0,
        962.0599975585938,
        0,
        1149.199951171875,
        647.2000122070312,
        0,
        0,
        1
    ],
    [
        1962.0999755859375,
        0,
        962.7899780273438,
        0,
        1962.0999755859375,
        647.3599853515625,
        0,
        0,
        1
    ],
    [
        1153.4000244140625,
        0,
        960.1500244140625,
        0,
        1153.4000244140625,
        633.02001953125,
        0,
        0,
        1
    ],
    [
        1153.199951171875,
        0,
        959.5599975585938,
        0,
        1153.199951171875,
        642.47998046875,
        0,
        0,
        1
    ]
]
5：[
    0.5,
    0.5
]
6：[
    [
        0,
        0
    ],
    [
        0,
        -160
    ],
    [
        0,
        -160
    ],
    [
        0,
        -160
    ],
    [
        0,
        -160
    ],
    [
        0,
        -160
    ]
]
7：[
    0.125,
    0.125
]
8：[
    [
        0.544471025466919,
        0.030316999182105064,
        -0.000028000000384054147,
        -0.000004999999873689376,
        -0.00039599998854100704,
        0.9054499864578247,
        0.14028699696063995,
        0
    ],
    [
        0.5199699997901917,
        -0.289682000875473,
        0.00011700000322889537,
        -0.000012000000424450263,
        -0.03207400068640709,
        0.8908799886703491,
        -0.19602300226688385,
        -0.129271000623703
    ],
    [
        0.5199699997901917,
        -0.289682000875473,
        0.00011700000322889537,
        -0.000012000000424450263,
        -0.03207400068640709,
        0.8908799886703491,
        -0.19602300226688385,
        -0.129271000623703
    ],
    [
        -0.5068050026893616,
        0.27776700258255005,
        -0.0007910000276751816,
        -0.0001630000042496249,
        -0.10025200247764587,
        0,
        0,
        0
    ],
    [
        0.6038810014724731,
        -0.1506589949131012,
        -0.000056000000768108293,
        -0.00013299999409355223,
        -0.01913899928331375,
        0.9744619727134705,
        -0.024149000644683838,
        -0.07658100128173828
    ],
    [
        3.760683059692383,
        1.5822479724884033,
        0.00021800000104121864,
        -0.00011700000322889537,
        0.05919500067830086,
        4.135602951049805,
        2.8630518913269043,
        0.8628029823303223
    ]
]